000
010
110
110
010
010
010
110
110
011
010
010
310
312
212
012
010
010
311
312
312
010
011
110
312
311
112
011
010
311
313
112
110
010
311
311
213
210
011
012
313
313
213
112
012
312
311
312
311
213
011
210
113
312
113
011
012
010
113
112
113
013
011
113
211
312
112
012
011
313
313
312
113
012
113
213
112
211
110
311
112
212
313
010
112
213
313
211
213
010
113
211
213
212
113
012
213
213
212
213
013
113
313
310
211
212
211
211
312
312
313
212
212
211
212
213
110
113
111
211
213
211
113
113
311
212
311
210
110
010
211
211
311
112
010
110
310
311
310
311
011
213
313
312
112
112
112
213
211
211
210
111
111
113
313
211
210
211
312
313
313
113
112
012
112
311
110
111
011
010
010
010
010
010
010
