000
000
000
000
000
000
101
110
002
110
211
100
012
111
201
100
100
100
112
102
101
111
000
000
001
011
001
000
011
000
100
001
113
100
102
110
001
101
210
101
201
201
111
101
100
111
002
101
101
010
001
001
011
001
001
000
011
002
101
111
101
200
313
301
302
202
210
303
302
213
303
301
100
012
102
101
113
000
001
001
012
001
001
010
002
101
000
011
100
202
311
303
303
211
300
202
302
213
301
300
312
202
101
102
010
000
001
011
003
001
001
010
002
100
111
102
200
302
312
302
303
311
300
203
202
312
302
000
112
103
101
111
001
100
101
013
002
001
110
002
000
001
011
303
300
312
303
303
301
210
103
202
211
202
202
110
101
201
101
012
001
000
110
002
101
202
310
302
300
313
001
001
300
313
202
203
112
300
303
303
311
303
301
110
201
002
111
002
000
002
011
001
002
013
200
303
302
113
003
000
312
303
212
303
213
200
313
203
202
213
201
210
101
112
001
102
110
012
003
011
003
211
300
312
311
301
213
300
313
313
301
312
101
310
201
311
312
102
310
303
213
202
113
011
000
011
002
113
110
300
212
302
112
003
002
010
303
303
202
311
301
100
313
202
103
103
110
002
002
011
001
002
010
002
001
001
013
000
000
011
002
000
002
010
002
202
213
300
100
203
313
102
103
111
200
102
003
013
002
000
013
002
002
011
002
000
001
012
003
202
112
200
303
201
212
301
200
211
303
313
102
102
100
112
101
002
003
000
013
002
001
013
002
000
000
113
103
302
310
303
302
313
303
302
300
312
303
301
111
300
303
203
212
203
202
010
002
003
001
011
002
000
012
103
303
203
310
203
102
212
202
101
210
203
202
202
212
300
301
211
201
103
001
010
300
302
213
301
300
303
113
002
101
113
200
202
203
211
202
200
313
303
203
311
301
100
012
000
012
003
003
010
001
212
203
213
300
202
112
103
312
303
310
303
200
213
201
200
213
202
103
313
103
110
001
013
101
001
010
002
012
103
303
113
300
211
102
211
303
310
103
301
113
303
313
100
301
111
101
203
213
100
213
102
012
002
000
213
103
213
203
211
200
003
012
201
313
200
311
202
312
202
103
210
202
213
202
213
100
003
013
002
013
003
010
103
213
203
302
310
203
313
301
311
303
310
302
313
201
301
213
300
212
302
202
302
210
202
211
202
212
201
300
211
102
113
202
210
101
301
313
302
312
300
213
302
312
303
300
313
203
112
101
211
300
203
212
202
212
200
212
201
212
302
303
310
202
213
203
211
203
110
103
313
103
202
210
100
111
102
113
102
110
103
112
102
102
110
102
111
200
213
202
210
103
203
212
103
210
302
213
201
103
311
200
211
103
113
202
310
103
203
013
003
011
100
111
203
311
303
302
010
002
011
101
313
300
201
201
211
302
111
200
300
211
101
100
110
101
111
101
011
000
110
101
213
302
302
110
001
011
301
212
301
300
311
202
212
203
210
102
111
203
112
100
110
101
101
110
101
101
110
211
100
312
302
310
313
302
312
311
301
210
203
311
311
301
310
211
303
110
302
312
100
011
002
012
013
100
113
303
313
202
212
310
203
213
203
312
300
301
313
303
112
102
110
201
111
203
112
203
110
001
113
101
203
210
202
213
303
213
001
110
102
312
201
312
200
211
203
310
201
112
200
210
202
213
102
110
101
100
101
213
101
110
203
213
302
013
000
002
212
303
313
303
310
301
213
203
311
203
210
203
110
201
212
200
111
102
201
312
302
110
301
313
303
212
300
313
302
313
302
313
100
313
102
302
213
100
213
101
213
203
113
100
013
001
003
012
100
111
203
303
111
001
110
302
312
302
312
101
110
101
101
212
201
110
202
112
102
101
111
000
111
001
010
000
010
001
011
001
000
110
100
010
100
010
000
010
000
010
000
010
000
000
010
000
010
000
010
000
010
000
010
